0 0.1 0.2 0.3 0.4 0.5 0.6 0.7 0.8 0.9 1 1.1 1.2 1.3 1.4 1.5 1.6 1.7 1.8 1.9 2 2.1 2.2 2.3 2.4 2.5 2.6 2.7 2.8 2.9 
0 0.11 0.22 0.33 0.44 0.55 0.66 0.77 0.88 0.99 1.1 1.21 1.32 1.43 1.54 1.65 1.76 1.87 1.98 2.09 2.2 2.31 2.42 2.53 2.64 2.75 2.86 2.97 3.08 3.19 
0 0.12 0.24 0.36 0.48 0.6 0.72 0.84 0.96 1.08 1.2 1.32 1.44 1.56 1.68 1.8 1.92 2.04 2.16 2.28 2.4 2.52 2.64 2.76 2.88 3 3.12 3.24 3.36 3.48 
0 0.13 0.26 0.39 0.52 0.65 0.78 0.91 1.04 1.17 1.3 1.43 1.56 1.69 1.82 1.95 2.08 2.21 2.34 2.47 2.6 2.73 2.86 2.99 3.12 3.25 3.38 3.51 3.64 3.77 
0 0.14 0.28 0.42 0.56 0.7 0.84 0.98 1.12 1.26 1.4 1.54 1.68 1.82 1.96 2.1 2.24 2.38 2.52 2.66 2.8 2.94 3.08 3.22 3.36 3.5 3.64 3.78 3.92 4.06 
0 0.15 0.3 0.45 0.6 0.75 0.9 1.05 1.2 1.35 1.5 1.65 1.8 1.95 2.1 2.25 2.4 2.55 2.7 2.85 3 3.15 3.3 3.45 3.6 3.75 3.9 4.05 4.2 4.35 
0 0.16 0.32 0.48 0.64 0.8 0.96 1.12 1.28 1.44 1.6 1.76 1.92 2.08 2.24 2.4 2.56 2.72 2.88 3.04 3.2 3.36 3.52 3.68 3.84 4 4.16 4.32 4.48 4.64 
0 0.17 0.34 0.51 0.68 0.85 1.02 1.19 1.36 1.53 1.7 1.87 2.04 2.21 2.38 2.55 2.72 2.89 3.06 3.23 3.4 3.57 3.74 3.91 4.08 4.25 4.42 4.59 4.76 4.93 
0 0.18 0.36 0.54 0.72 0.9 1.08 1.26 1.44 1.62 1.8 1.98 2.16 2.34 2.52 2.7 2.88 3.06 3.24 3.42 3.6 3.78 3.96 4.14 4.32 4.5 4.68 4.86 5.04 5.22 
0 0.19 0.38 0.57 0.76 0.95 1.14 1.33 1.52 1.71 1.9 2.09 2.28 2.47 2.66 2.85 3.04 3.23 3.42 3.61 3.8 3.99 4.18 4.37 4.56 4.75 4.94 5.13 5.32 5.51 
0 0.2 0.4 0.6 0.8 1 1.2 1.4 1.6 1.8 2 2.2 2.4 2.6 2.8 3 3.2 3.4 3.6 3.8 4 4.2 4.4 4.6 4.8 5 5.2 5.4 5.6 5.8 
0 0.21 0.42 0.63 0.84 1.05 1.26 1.47 1.68 1.89 2.1 2.31 2.52 2.73 2.94 3.15 3.36 3.57 3.78 3.99 4.2 4.41 4.62 4.83 5.04 5.25 5.46 5.67 5.88 6.09 
0 0.22 0.44 0.66 0.88 1.1 1.32 1.54 1.76 1.98 2.2 2.42 2.64 2.86 3.08 3.3 3.52 3.74 3.96 4.18 4.4 4.62 4.84 5.06 5.28 5.5 5.72 5.94 6.16 6.38 
0 0.23 0.46 0.69 0.92 1.15 1.38 1.61 1.84 2.07 2.3 2.53 2.76 2.99 3.22 3.45 3.68 3.91 4.14 4.37 4.6 4.83 5.06 5.29 5.52 5.75 5.98 6.21 6.44 6.67 
0 0.24 0.48 0.72 0.96 1.2 1.44 1.68 1.92 2.16 2.4 2.64 2.88 3.12 3.36 3.6 3.84 4.08 4.32 4.56 4.8 5.04 5.28 5.52 5.76 6 6.24 6.48 6.72 6.96 
0 0.25 0.5 0.75 1 1.25 1.5 1.75 2 2.25 2.5 2.75 3 3.25 3.5 3.75 4 4.25 4.5 4.75 5 5.25 5.5 5.75 6 6.25 6.5 6.75 7 7.25 
0 0.26 0.52 0.78 1.04 1.3 1.56 1.82 2.08 2.34 2.6 2.86 3.12 3.38 3.64 3.9 4.16 4.42 4.68 4.94 5.2 5.46 5.72 5.98 6.24 6.5 6.76 7.02 7.28 7.54 
0 0.27 0.54 0.81 1.08 1.35 1.62 1.89 2.16 2.43 2.7 2.97 3.24 3.51 3.78 4.05 4.32 4.59 4.86 5.13 5.4 5.67 5.94 6.21 6.48 6.75 7.02 7.29 7.56 7.83 
0 0.28 0.56 0.84 1.12 1.4 1.68 1.96 2.24 2.52 2.8 3.08 3.36 3.64 3.92 4.2 4.48 4.76 5.04 5.32 5.6 5.88 6.16 6.44 6.72 7 7.28 7.56 7.84 8.12 
0 0.29 0.58 0.87 1.16 1.45 1.74 2.03 2.32 2.61 2.9 3.19 3.48 3.77 4.06 4.35 4.64 4.93 5.22 5.51 5.8 6.09 6.38 6.67 6.96 7.25 7.54 7.83 8.12 8.41 
0 0.3 0.6 0.9 1.2 1.5 1.8 2.1 2.4 2.7 3 3.3 3.6 3.9 4.2 4.5 4.8 5.1 5.4 5.7 6 6.3 6.6 6.9 7.2 7.5 7.8 8.1 8.4 8.7 
0 0.31 0.62 0.93 1.24 1.55 1.86 2.17 2.48 2.79 3.1 3.41 3.72 4.03 4.34 4.65 4.96 5.27 5.58 5.89 6.2 6.51 6.82 7.13 7.44 7.75 8.06 8.37 8.68 8.99 
0 0.32 0.64 0.96 1.28 1.6 1.92 2.24 2.56 2.88 3.2 3.52 3.84 4.16 4.48 4.8 5.12 5.44 5.76 6.08 6.4 6.72 7.04 7.36 7.68 8 8.32 8.64 8.96 9.28 
0 0.33 0.66 0.99 1.32 1.65 1.98 2.31 2.64 2.97 3.3 3.63 3.96 4.29 4.62 4.95 5.28 5.61 5.94 6.27 6.6 6.93 7.26 7.59 7.92 8.25 8.58 8.91 9.24 9.57 
0 0.34 0.68 1.02 1.36 1.7 2.04 2.38 2.72 3.06 3.4 3.74 4.08 4.42 4.76 5.1 5.44 5.78 6.12 6.46 6.8 7.14 7.48 7.82 8.16 8.5 8.84 9.18 9.52 9.86 
0 0.35 0.7 1.05 1.4 1.75 2.1 2.45 2.8 3.15 3.5 3.85 4.2 4.55 4.9 5.25 5.6 5.95 6.3 6.65 7 7.35 7.7 8.05 8.4 8.75 9.1 9.45 9.8 10.15 
0 0.36 0.72 1.08 1.44 1.8 2.16 2.52 2.88 3.24 3.6 3.96 4.32 4.68 5.04 5.4 5.76 6.12 6.48 6.84 7.2 7.56 7.92 8.28 8.64 9 9.36 9.72 10.08 10.44 
0 0.37 0.74 1.11 1.48 1.85 2.22 2.59 2.96 3.33 3.7 4.07 4.44 4.81 5.18 5.55 5.92 6.29 6.66 7.03 7.4 7.77 8.14 8.51 8.88 9.25 9.62 9.99 10.36 10.73 
0 0.38 0.76 1.14 1.52 1.9 2.28 2.66 3.04 3.42 3.8 4.18 4.56 4.94 5.32 5.7 6.08 6.46 6.84 7.22 7.6 7.98 8.36 8.74 9.12 9.5 9.88 10.26 10.64 11.02 
0 0.39 0.78 1.17 1.56 1.95 2.34 2.73 3.12 3.51 3.9 4.29 4.68 5.07 5.46 5.85 6.24 6.63 7.02 7.41 7.8 8.19 8.58 8.97 9.36 9.75 10.14 10.53 10.92 11.31 
