uu =

 Columns 1 through 7:

  -0.003402  -0.003186  -0.002919  -0.002627  -0.002308  -0.001965  -0.001600
  -0.003684  -0.003459  -0.003177  -0.002866  -0.002522  -0.002152  -0.001753
  -0.003998  -0.003763  -0.003468  -0.003136  -0.002767  -0.002363  -0.001929
  -0.004347  -0.004105  -0.003795  -0.003442  -0.003046  -0.002608  -0.002133
  -0.004738  -0.004490  -0.004166  -0.003792  -0.003366  -0.002890  -0.002368
  -0.005177  -0.004925  -0.004589  -0.004194  -0.003737  -0.003220  -0.002645
  -0.005671  -0.005418  -0.005073  -0.004658  -0.004168  -0.003605  -0.002973
  -0.006227  -0.005978  -0.005628  -0.005195  -0.004673  -0.004062  -0.003363
  -0.006853  -0.006615  -0.006267  -0.005821  -0.005268  -0.004605  -0.003833
  -0.007559  -0.007342  -0.007005  -0.006554  -0.005975  -0.005259  -0.004405
  -0.008352  -0.008169  -0.007859  -0.007415  -0.006818  -0.006052  -0.005109
  -0.009238  -0.009109  -0.008846  -0.008431  -0.007831  -0.007023  -0.005987
  -0.010224  -0.010171  -0.009986  -0.009630  -0.009057  -0.008223  -0.007095
  -0.011309  -0.011363  -0.011298  -0.011046  -0.010544  -0.009721  -0.008515
  -0.012485  -0.012685  -0.012794  -0.012713  -0.012353  -0.011607  -0.010364
  -0.013731  -0.014122  -0.014474  -0.014655  -0.014546  -0.013991  -0.012807
  -0.015006  -0.015641  -0.016322  -0.016882  -0.017180  -0.017006  -0.016071
  -0.016242  -0.017175  -0.018283  -0.019362  -0.020271  -0.020770  -0.020448
  -0.017315  -0.018627  -0.020268  -0.021996  -0.023744  -0.025317  -0.026244
  -0.017835  -0.019935  -0.022170  -0.024588  -0.027349  -0.030433  -0.033535

 Columns 8 through 14:

  -0.001217  -0.000819  -0.000412   0.000000   0.000412   0.000819   0.001217
  -0.001333  -0.000896  -0.000446   0.000010   0.000466   0.000917   0.001356
  -0.001468  -0.000985  -0.000487   0.000019   0.000526   0.001025   0.001510
  -0.001623  -0.001088  -0.000535   0.000029   0.000592   0.001148   0.001686
  -0.001806  -0.001211  -0.000593   0.000037   0.000668   0.001288   0.001886
  -0.002021  -0.001357  -0.000663   0.000045   0.000755   0.001450   0.002118
  -0.002278  -0.001532  -0.000749   0.000053   0.000856   0.001640   0.002389
  -0.002586  -0.001744  -0.000855   0.000060   0.000975   0.001866   0.002711
  -0.002961  -0.002004  -0.000985   0.000066   0.001119   0.002140   0.003100
  -0.003422  -0.002327  -0.001150   0.000072   0.001294   0.002475   0.003573
  -0.003997  -0.002734  -0.001359   0.000077   0.001514   0.002892   0.004160
  -0.004723  -0.003255  -0.001631   0.000080   0.001793   0.003422   0.004897
  -0.005659  -0.003938  -0.001990   0.000082   0.002157   0.004110   0.005842
  -0.006889  -0.004851  -0.002480   0.000082   0.002647   0.005026   0.007077
  -0.008540  -0.006112  -0.003167   0.000079   0.003330   0.006284   0.008729
  -0.010813  -0.007908  -0.004173   0.000074   0.004323   0.008071   0.010995
  -0.014026  -0.010580  -0.005721   0.000064   0.005853   0.010724   0.014192
  -0.018685  -0.014753  -0.008277   0.000052   0.008383   0.014869   0.018822
  -0.025557  -0.021653  -0.012919   0.000035   0.012991   0.021733   0.025654
  -0.035592  -0.033724  -0.022564   0.000015   0.022597   0.033760   0.035637

 Columns 15 through 20:

   0.001600   0.001965   0.002308   0.002627   0.002919   0.003186
   0.001778   0.002180   0.002561   0.002924   0.003287   0.003726
   0.001976   0.002419   0.002835   0.003226   0.003602   0.003959
   0.002200   0.002683   0.003132   0.003547   0.003924   0.004256
   0.002453   0.002981   0.003466   0.003903   0.004290   0.004619
   0.002745   0.003325   0.003848   0.004311   0.004711   0.005045
   0.003087   0.003724   0.004290   0.004782   0.005197   0.005538
   0.003492   0.004193   0.004807   0.005329   0.005760   0.006103
   0.003975   0.004750   0.005415   0.005969   0.006411   0.006751
   0.004561   0.005419   0.006138   0.006718   0.007165   0.007494
   0.005279   0.006228   0.007000   0.007600   0.008041   0.008343
   0.006170   0.007216   0.008035   0.008640   0.009057   0.009313
   0.007291   0.008434   0.009284   0.009871   0.010234   0.010417
   0.008722   0.009950   0.010797   0.011323   0.011593   0.011665
   0.010577   0.011850   0.012632   0.013032   0.013147   0.013059
   0.013018   0.014243   0.014850   0.015020   0.014902   0.014595
   0.016269   0.017253   0.017496   0.017291   0.016839   0.016253
   0.020618   0.020992   0.020575   0.019794   0.018898   0.017993
   0.026367   0.025486   0.023992   0.022390   0.020942   0.019766
   0.033594   0.030516   0.027478   0.024817   0.022667   0.021400

